Device: Tesla P100-PCIE-16GB
Transfer size (MB): 4
Single Precision
Offset, Bandwidth (GB/s):
0, 652.741516
1, 582.750549
2, 596.658752
3, 586.854431
4, 577.367188
5, 584.112122
6, 582.750549
7, 588.235291
8, 664.893616
9, 565.610901
10, 570.776245
11, 576.036865
12, 572.082397
13, 603.864746
14, 592.417053
15, 602.409668
16, 649.350647
17, 585.480103
18, 586.854431
19, 592.417053
20, 593.824219
21, 589.622620
22, 580.046387
23, 566.893433
24, 661.375671
25, 586.854431
26, 584.112122
27, 574.712646
28, 580.046387
29, 589.622620
30, 599.520386
31, 598.086121
32, 649.350647

Stride, Bandwidth (GB/s):
1, 644.329895
2, 304.506683
3, 181.159424
4, 136.911270
5, 106.247345
6, 88.214539
7, 75.187973
8, 65.206047
9, 65.087219
10, 64.201332
11, 63.211124
12, 62.546909
13, 61.169559
14, 59.808609
15, 57.964294
16, 58.493214
17, 55.066078
18, 53.786575
19, 52.083332
20, 50.968403
21, 49.106266
22, 47.438328
23, 46.006626
24, 46.399406
25, 43.207745
26, 42.009747
27, 40.943336
28, 39.758270
29, 38.202934
30, 37.191311
31, 35.955704
32, 37.147102
